17 0.1605504587155963 0.6137566137566136 0.10397553516819573 0.41269841269841256
27 0.25076452599388377 0.5846560846560845 0.0886850152905199 0.4285714285714284
2 0.345565749235474 0.5291005291005291 0.08256880733944955 0.43386243386243384
29 0.42048929663608553 0.5052910052910053 0.0672782874617738 0.43915343915343924
29 0.5053516819571867 0.4470899470899471 0.08103975535168197 0.4391534391534392
12 0.587920489296636 0.4259259259259258 0.07798165137614681 0.4497354497354496
7 0.6781345565749237 0.37566137566137564 0.07186544342507645 0.4444444444444444
0 0.7477064220183486 0.33597883597883593 0.07033639143730862 0.4603174603174603
9 0.8165137614678899 0.3042328042328042 0.06422018348623854 0.4285714285714285
9 0.8799694189602447 0.2777777777777778 0.06880733944954129 0.39682539682539686
