22 0.15290519877675846 0.48372093023255813 0.07339449541284404 0.40930232558139534
17 0.23470948012232415 0.4860465116279069 0.08103975535168197 0.4139534883720929
0 0.3264525993883792 0.49534883720930234 0.07492354740061162 0.3953488372093023
3 0.3998470948012232 0.49534883720930234 0.07492354740061162 0.3953488372093023
11 0.4923547400611621 0.49999999999999994 0.08256880733944955 0.3953488372093023
28 0.5825688073394495 0.4976744186046511 0.07645259938837919 0.39069767441860465
7 0.676605504587156 0.5 0.07798165137614681 0.4232558139534883
7 0.7545871559633028 0.5116279069767442 0.06880733944954129 0.42790697674418604
7 0.8264525993883792 0.4930232558139535 0.07798165137614681 0.4
8 0.8990825688073393 0.49999999999999994 0.070336391437309 0.3953488372093023
