20 0.08027522935779816 0.46595744680851064 0.08409785932721713 0.4042553191489361
21 0.1704892966360856 0.47446808510638305 0.08715596330275228 0.37872340425531914
1 0.2798165137614679 0.49574468085106377 0.07951070336391437 0.4042553191489361
0 0.36467889908256884 0.4978723404255318 0.08409785932721713 0.3829787234042554
10 0.46712538226299694 0.5148936170212766 0.07798165137614681 0.4
31 0.555045871559633 0.5191489361702126 0.08256880733944955 0.3829787234042554
6 0.6574923547400612 0.5234042553191489 0.07951070336391437 0.3829787234042554
3 0.7408256880733944 0.5340425531914894 0.08103975535168197 0.3702127659574468
4 0.8233944954128439 0.5446808510638297 0.08103975535168197 0.37446808510638296
2 0.9044342507645259 0.5574468085106383 0.07798165137614681 0.3829787234042554
