17 0.17813455657492355 0.5024752475247524 0.07492354740061162 0.29207920792079206
27 0.2568807339449541 0.504950495049505 0.07033639143730887 0.2871287128712871
2 0.34938837920489296 0.5074257425742574 0.05963302752293578 0.28217821782178215
6 0.4097859327217126 0.5099009900990099 0.055045871559633044 0.2871287128712871
12 0.503822629969419 0.4975247524752474 0.07492354740061162 0.29207920792079206
17 0.5840978593272171 0.5074257425742574 0.07645259938837919 0.29207920792079206
3 0.6773700305810398 0.504950495049505 0.055045871559633044 0.2871287128712871
6 0.7362385321100919 0.5123762376237624 0.05657492354740061 0.28217821782178215
0 0.7935779816513763 0.5024752475247525 0.05810397553516821 0.28217821782178215
4 0.853975535168196 0.504950495049505 0.06269113149847094 0.27722772277227725
