22 0.16743119266055045 0.5478260869565217 0.10550458715596334 0.5304347826086957
17 0.26758409785932724 0.5478260869565219 0.08256880733944959 0.530434782608696
0 0.3547400611620795 0.5195652173913043 0.07951070336391437 0.4826086956521739
1 0.4380733944954127 0.5152173913043478 0.06574923547400612 0.508695652173913
10 0.5168195718654434 0.4978260869565217 0.07033639143730887 0.5173913043478261
14 0.5909785932721712 0.48913043478260865 0.07186544342507645 0.45652173913043476
8 0.6574923547400612 0.47826086956521735 0.06422018348623854 0.43478260869565216
0 0.724770642201835 0.4673913043478261 0.055045871559633114 0.4304347826086957
1 0.7874617737003058 0.4565217391304348 0.048929663608562685 0.4173913043478261
7 0.8432721712538229 0.45217391304347826 0.05657492354740061 0.4260869565217391
