22 0.09021406727828747 0.7016129032258064 0.10091743119266057 0.45698924731182794
17 0.1918960244648318 0.6854838709677419 0.09327217125382264 0.46774193548387094
1 0.2775229357798165 0.6424731182795699 0.06269113149847094 0.46774193548387094
4 0.35091743119266056 0.6155913978494624 0.08103975535168197 0.45698924731182794
29 0.4342507645259939 0.5967741935483871 0.07951070336391437 0.4838709677419355
12 0.5198776758409785 0.5430107526881721 0.07951070336391437 0.4838709677419355
2 0.6024464831804281 0.510752688172043 0.06116207951070335 0.4731182795698925
0 0.6651376146788991 0.4838709677419354 0.05810397553516821 0.4301075268817203
6 0.7255351681957187 0.4489247311827957 0.05657492354740061 0.43548387096774194
10 0.8363914373088687 0.40322580645161293 0.07951070336391437 0.46236559139784944
23 0.9113149847094799 0.35215053763440857 0.07033639143730887 0.48924731182795694
