29 0.18042813455657494 0.48472222222222217 0.06116207951070336 0.2472222222222222
23 0.24159021406727832 0.5027777777777778 0.06727828746177371 0.2611111111111112
3 0.3256880733944955 0.5180555555555556 0.06116207951070336 0.2583333333333333
7 0.39296636085626907 0.5305555555555554 0.06727828746177371 0.2333333333333333
27 0.4717125382262999 0.5472222222222222 0.06269113149847094 0.26666666666666666
27 0.5451070336391436 0.5680555555555555 0.07186544342507645 0.2472222222222222
4 0.6345565749235473 0.5833333333333333 0.08256880733944955 0.2388888888888889
0 0.706422018348624 0.601388888888889 0.06727828746177371 0.2361111111111111
1 0.7629969418960245 0.6138888888888889 0.04281345565749235 0.2555555555555556
9 0.8149847094801224 0.6291666666666668 0.07339449541284404 0.2472222222222222
