22 0.3180428134556575 0.408675799086758 0.048929663608562685 0.3059360730593607
17 0.37767584097859325 0.3949771689497716 0.045871559633027525 0.29680365296803646
1 0.43654434250764523 0.40867579908675794 0.035168195718654434 0.2785388127853881
4 0.4847094801223241 0.3972602739726028 0.048929663608562685 0.2922374429223744
16 0.37614678899082565 0.7465753424657534 0.048929663608562685 0.2876712328767123
23 0.43272171253822633 0.7511415525114153 0.051987767584097865 0.3150684931506849
9 0.6131498470948012 0.589041095890411 0.06422018348623854 0.4931506849315068
2 0.6987767584097858 0.5799086757990868 0.06116207951070336 0.4657534246575342
3 0.779816513761468 0.5684931506849316 0.06116207951070336 0.4611872146118721
9 0.8585626911314986 0.5593607305936072 0.06574923547400612 0.47945205479452047
