20 0.12155963302752294 0.5152671755725191 0.06880733944954129 0.24427480916030533
21 0.20489296636085627 0.5076335877862596 0.08256880733944955 0.22900763358778625
1 0.2996941896024465 0.5133587786259541 0.04281345565749235 0.2480916030534351
0 0.3776758409785932 0.5114503816793894 0.07033639143730887 0.22900763358778625
10 0.47553516819571867 0.5076335877862594 0.07339449541284404 0.23664122137404578
32 0.5504587155963303 0.5095419847328244 0.07339449541284404 0.24045801526717558
2 0.6460244648318043 0.5114503816793892 0.07186544342507645 0.2519083969465648
1 0.7224770642201834 0.5171755725190841 0.04434250764525994 0.23282442748091603
1 0.7958715596330275 0.5286259541984732 0.03822629969418959 0.23282442748091603
1 0.8669724770642202 0.5267175572519084 0.04281345565749235 0.22137404580152673
