17 0.21483180428134557 0.5531400966183575 0.07186544342507645 0.4106280193236715
27 0.2882262996941896 0.5531400966183575 0.06574923547400612 0.4106280193236715
2 0.3654434250764526 0.5362318840579711 0.06727828746177371 0.3961352657004831
6 0.4388379204892967 0.5338164251207729 0.07033639143730887 0.3719806763285024
13 0.514525993883792 0.5410628019323671 0.06574923547400612 0.4057971014492754
20 0.5909785932721712 0.5362318840579711 0.07492354740061162 0.41545893719806765
6 0.6689602446483179 0.5362318840579711 0.06574923547400612 0.3961352657004831
4 0.7431192660550459 0.5289855072463768 0.06422018348623854 0.3719806763285024
7 0.8142201834862385 0.5144927536231885 0.07492354740061162 0.4106280193236715
5 0.8922018348623852 0.5144927536231885 0.06574923547400612 0.4106280193236715
