29 0.176605504587156 0.5386363636363636 0.053516819571865444 0.2681818181818182
23 0.2454128440366973 0.5431818181818181 0.05963302752293578 0.2772727272727273
3 0.33639143730886845 0.55 0.04281345565749248 0.27272727272727276
8 0.3937308868501529 0.5522727272727272 0.05963302752293578 0.2681818181818182
11 0.48623853211009177 0.5522727272727274 0.05810397553516821 0.2863636363636364
32 0.5649847094801222 0.5545454545454546 0.08103975535168197 0.2545454545454545
1 0.6605504587155964 0.5772727272727273 0.021406727828746176 0.2545454545454545
1 0.7003058103975535 0.5727272727272728 0.03058103975535168 0.2636363636363636
3 0.7438837920489297 0.575 0.04128440366972477 0.2590909090909091
9 0.8012232415902142 0.5772727272727273 0.051987767584097865 0.2636363636363636
