22 0.154434250764526 0.5702702702702703 0.07339449541284404 0.427027027027027
17 0.24311926605504586 0.5810810810810811 0.07645259938837919 0.3837837837837838
1 0.32262996941896027 0.5783783783783784 0.055045871559633044 0.4324324324324324
2 0.4051987767584098 0.5783783783783784 0.07339449541284404 0.41081081081081083
19 0.49311926605504586 0.5756756756756757 0.06880733944954129 0.40540540540540543
12 0.5711009174311926 0.572972972972973 0.07186544342507645 0.41081081081081083
2 0.650611620795107 0.5648648648648649 0.07492354740061162 0.427027027027027
8 0.7339449541284404 0.5459459459459459 0.07033639143730887 0.41081081081081083
1 0.8180428134556574 0.5270270270270271 0.048929663608562685 0.4594594594594596
3 0.8967889908256882 0.5189189189189191 0.07186544342507645 0.41081081081081083
