17 0.19036697247706416 0.4723618090452261 0.07492354740061162 0.39195979899497485
27 0.268348623853211 0.46984924623115576 0.07798165137614681 0.3869346733668342
2 0.36085626911314983 0.46733668341708534 0.06422018348623854 0.35175879396984927
6 0.4281345565749234 0.4798994974874371 0.06422018348623854 0.35678391959798994
12 0.5206422018348624 0.4723618090452262 0.06880733944954129 0.37185929648241206
29 0.5902140672782875 0.4623115577889447 0.06727828746177371 0.37185929648241206
6 0.6788990825688073 0.4723618090452261 0.055045871559633044 0.3618090452261308
7 0.7415902140672782 0.45979899497487436 0.06116207951070336 0.35678391959798994
0 0.8035168195718656 0.46984924623115576 0.05657492354740061 0.35678391959798994
2 0.8685015290519875 0.4849246231155777 0.06422018348623854 0.3668341708542712
