17 0.12003058103975535 0.5494505494505495 0.08103975535168197 0.2930402930402931
27 0.20718654434250766 0.5457875457875458 0.07798165137614681 0.2930402930402931
2 0.3103975535168195 0.5421245421245422 0.07645259938837919 0.3076923076923077
6 0.3845565749235474 0.5384615384615385 0.06880733944954129 0.2930402930402931
12 0.47094801223241584 0.5293040293040293 0.07339449541284404 0.2967032967032967
29 0.5458715596330275 0.5293040293040293 0.07339449541284404 0.2747252747252748
4 0.6253822629969419 0.5384615384615385 0.07951070336391437 0.3076923076923077
0 0.7155963302752295 0.5366300366300366 0.07339449541284404 0.28205128205128205
6 0.7966360856269113 0.5347985347985348 0.07339449541284404 0.28571428571428564
3 0.8814984709480121 0.5311355311355311 0.08103975535168197 0.28571428571428564
