22 0.12079510703363916 0.5876777251184834 0.10091743119266057 0.3222748815165877
17 0.21788990825688073 0.5687203791469194 0.09021406727828746 0.3507109004739338
1 0.32798165137614677 0.542654028436019 0.06269113149847094 0.33649289099526064
4 0.40672782874617736 0.5497630331753556 0.07951070336391437 0.33175355450236954
29 0.5007645259938838 0.514218009478673 0.07798165137614681 0.30805687203791476
12 0.5825688073394495 0.509478672985782 0.07645259938837919 0.34597156398104273
15 0.6536697247706422 0.4857819905213271 0.06269113149847094 0.3175355450236967
4 0.7530581039755352 0.476303317535545 0.06574923547400612 0.35545023696682465
6 0.8188073394495413 0.45260663507109006 0.06269113149847094 0.30805687203791476
0 0.8830275229357798 0.45260663507109006 0.05657492354740061 0.3270142180094788
