16 0.3629277370965782 0.3939449541284404 0.15433979556528174 0.35094801223241595
19 0.4828849049369208 0.2940061162079512 0.11002440871980475 0.3602446483180429
0 0.5722797370217622 0.22079510703363917 0.13600239411198084 0.33467889908256887
1 0.6830682041354543 0.14409785932721714 0.12530557659755545 0.2881957186544343
32 0.35987150352102804 0.8518042813455662 0.17878966416968275 0.29516819571865444
32 0.47371620421027044 0.7785932721712538 0.16809284665525726 0.3904587155963303
7 0.5646391530828869 0.6925993883792049 0.11766499265868006 0.37651376146788995
5 0.6761916785904666 0.5822018348623854 0.14517109483863122 0.34165137614678903
8 0.7793395617652835 0.5124770642201836 0.12836181017310544 0.3602446483180429
1 0.8763749777890003 0.4148623853211009 0.12072122623423022 0.32305810397553514
