29 0.1162079510703364 0.37569060773480667 0.07645259938837919 0.5193370165745856
23 0.19571865443425074 0.3867403314917127 0.07339449541284404 0.5082872928176796
4 0.29816513761467894 0.3812154696132597 0.07033639143730887 0.4972375690607735
5 0.37614678899082565 0.3784530386740332 0.06727828746177371 0.49171270718232046
11 0.47171253822629955 0.39502762430939226 0.07492354740061162 0.5027624309392266
10 0.555045871559633 0.39502762430939226 0.07339449541284404 0.5138121546961326
1 0.6437308868501529 0.39502762430939226 0.048929663608562685 0.5027624309392266
0 0.7178899082568807 0.430939226519337 0.07186544342507645 0.4861878453038674
6 0.805045871559633 0.4116022099447514 0.06269113149847094 0.49171270718232046
5 0.881498470948012 0.4116022099447514 0.06269113149847094 0.5027624309392266
