16 0.21711789363147788 0.5081568600400083 0.11926194157222023 0.4604745809477822
19 0.3501408284620313 0.504069807546389 0.08562395805185037 0.43595226598606607
0 0.446467781270363 0.49862040422156306 0.09173995505555409 0.39780644271228527
7 0.5313272396967504 0.5027074567151825 0.06880496629166548 0.38418293440022067
11 0.6223026951268416 0.4958957025591502 0.08256595954999868 0.3651100227633303
27 0.7025751558004516 0.4904462992343243 0.08409495880092452 0.33786300613920106
1 0.7736736209685057 0.4972580533903566 0.05504397303333237 0.3078912878526591
3 0.8333045917546156 0.49044629923432426 0.06727596704073965 0.30516658619024617
3 0.8860550659115592 0.4945333517279436 0.06268896928796194 0.28064427122853003
6 0.9357475415666505 0.49453335172794366 0.058101971535184226 0.2751948679037042
