22 0.15366972477064222 0.5171821305841925 0.08715596330275228 0.3127147766323024
17 0.2400611620795107 0.5051546391752577 0.07951070336391437 0.30927835051546393
0 0.33256880733944955 0.5017182130584192 0.07186544342507645 0.30927835051546393
3 0.4113149847094801 0.4896907216494845 0.07033639143730887 0.2920962199312715
11 0.5007645259938837 0.48109965635738833 0.07492354740061162 0.3024054982817869
28 0.5879204892966361 0.472508591065292 0.07186544342507645 0.2920962199312715
7 0.6781345565749235 0.4673539518900344 0.06574923547400612 0.3161512027491409
7 0.7522935779816514 0.4656357388316151 0.06727828746177371 0.3127147766323024
7 0.8241590214067276 0.46048109965635736 0.06422018348623854 0.3024054982817869
8 0.8967889908256881 0.4501718213058419 0.05963302752293578 0.29553264604810997
