22 0.08944954128440367 0.49082568807339455 0.08103975535168197 0.3577981651376147
17 0.1712538226299694 0.5022935779816513 0.07033639143730887 0.3715596330275228
2 0.2614678899082569 0.5091743119266056 0.06727828746177371 0.3302752293577983
0 0.3379204892966361 0.5045871559633028 0.07033639143730887 0.33944954128440374
14 0.4273700305810398 0.5068807339449544 0.06574923547400612 0.35321100917431203
14 0.5045871559633027 0.5137614678899083 0.06727828746177371 0.34862385321100914
7 0.5986238532110092 0.5206422018348624 0.06574923547400612 0.34403669724770647
5 0.6743119266055047 0.5252293577981653 0.05810397553516821 0.34403669724770647
9 0.7469418960244647 0.518348623853211 0.06574923547400612 0.33944954128440374
8 0.8226299694189602 0.5206422018348624 0.07033639143730887 0.3623853211009173
