29 0.11850152905198776 0.5545454545454546 0.06880733944954129 0.2242424242424243
23 0.1934250764525994 0.5575757575757576 0.07798165137614681 0.2121212121212121
7 0.2798165137614679 0.5651515151515152 0.07339449541284404 0.2333333333333333
4 0.3562691131498471 0.5575757575757576 0.06116207951070336 0.23636363636363636
10 0.452599388379205 0.5590909090909092 0.07951070336391437 0.21515151515151515
17 0.5382262996941897 0.5636363636363636 0.0856269113149847 0.2121212121212121
1 0.6200305810397553 0.5606060606060608 0.050458715596330285 0.2242424242424243
4 0.695718654434251 0.5575757575757576 0.06727828746177371 0.22424242424242416
1 0.7737003058103976 0.5651515151515152 0.048929663608562685 0.2333333333333333
3 0.8478593272171253 0.5651515151515153 0.07186544342507645 0.22727272727272727
