17 0.1545643153526971 0.3401360544217687 0.07676348547717843 0.2585034013605442
27 0.23547717842323654 0.39229024943310653 0.08091286307053941 0.2585034013605442
2 0.30809128630705396 0.41836734693877553 0.06016597510373444 0.23356009070294786
6 0.37863070539419086 0.4455782312925169 0.06846473029045645 0.2290249433106576
12 0.45228215767634855 0.4931972789115647 0.06639004149377593 0.23809523809523805
15 0.5300829875518671 0.5102040816326532 0.08506224066390038 0.24943310657596393
5 0.6151452282157677 0.5566893424036281 0.09336099585062241 0.23356009070294786
8 0.6950207468879666 0.5918367346938775 0.0788381742738589 0.26303854875283444
6 0.7780082987551866 0.6360544217687075 0.0912863070539419 0.2471655328798186
8 0.8661825726141079 0.6575963718820862 0.07261410788381745 0.2494331065759637
