13 0.32057783947354246 0.33956899847094796 0.13312779013937087 0.40080275229357787
21 0.4651821632456177 0.35070240825688076 0.13465799462373151 0.3952360474006117
7 0.6074911802911521 0.3437440271406727 0.11017472287396211 0.3813192851681957
28 0.753625708547588 0.3451357033639144 0.12700697220192858 0.3785359327217126
11 0.1729131067327461 0.7556801892201835 0.11629554081140445 0.3813192851681957
28 0.32287314620008334 0.7584635416666665 0.11935594978012562 0.3813192851681957
6 0.46747746997215855 0.7542885129969419 0.12088615426448616 0.3952360474006117
9 0.6082562825333324 0.7487218081039754 0.12088615426448616 0.3896693425076451
3 0.7498001973366865 0.7473301318807342 0.11017472287396211 0.37575258027522934
0 0.8936394188665814 0.7348050458715596 0.11935594978012555 0.3896693425076451
