20 0.09403669724770643 0.5694444444444444 0.05963302752293578 0.35
21 0.15825688073394495 0.5694444444444444 0.05963302752293578 0.3388888888888889
1 0.28211009174311924 0.588888888888889 0.053516819571865444 0.34444444444444444
0 0.3463302752293578 0.5944444444444444 0.06269113149847094 0.34444444444444444
10 0.4709480122324159 0.6055555555555556 0.05810397553516821 0.34444444444444444
32 0.532874617737003 0.6222222222222222 0.05963302752293578 0.34444444444444444
2 0.6628440366972477 0.6222222222222222 0.053516819571865444 0.34444444444444444
8 0.7255351681957187 0.6361111111111112 0.050458715596330285 0.3055555555555556
1 0.786697247706422 0.6416666666666667 0.04434250764525994 0.3277777777777778
4 0.8501529051987765 0.6416666666666666 0.05810397553516821 0.35
