16 0.10703363914373089 0.44771241830065356 0.08256880733944955 0.28758169934640526
19 0.17813455657492355 0.46078431372549017 0.06574923547400612 0.2745098039215686
32 0.2629969418960245 0.4705882352941176 0.10397553516819573 0.2745098039215686
1 0.36773700305810403 0.4787581699346405 0.05657492354740061 0.30392156862745096
1 0.44954128440366964 0.480392156862745 0.051987767584097865 0.3006535947712418
5 0.5022935779816514 0.48366013071895425 0.06269113149847094 0.3006535947712418
10 0.6047400611620795 0.5000000000000001 0.08103975535168197 0.2614379084967321
1 0.7025993883792049 0.49509803921568635 0.050458715596330285 0.28431372549019607
1 0.7545871559633028 0.5016339869281046 0.05657492354740061 0.28431372549019607
3 0.8042813455657492 0.5130718954248367 0.055045871559633044 0.2745098039215686
8 0.8646788990825688 0.5179738562091504 0.06880733944954129 0.2973856209150327
