17 0.10091743119266053 0.48194945848375453 0.07645259938837919 0.3212996389891697
27 0.1827217125382263 0.4909747292418773 0.07492354740061162 0.3176895306859206
2 0.2836391437308869 0.4927797833935019 0.05963302752293578 0.2924187725631769
6 0.3547400611620795 0.49638989169675085 0.06422018348623854 0.2996389891696751
13 0.45642201834862384 0.5 0.07186544342507645 0.2996389891696751
10 0.5351681957186544 0.49638989169675085 0.0856269113149847 0.30685920577617326
0 0.6414373088685015 0.5054151624548736 0.06269113149847094 0.3176895306859206
4 0.7117737003058103 0.5144404332129964 0.06880733944954129 0.3212996389891697
7 0.7874617737003058 0.5234657039711191 0.06116207951070336 0.3176895306859206
1 0.8478593272171251 0.5270758122743683 0.053516819571865444 0.3176895306859206
