13 0.0756880733944954 0.4393063583815029 0.07186544342507645 0.5317919075144508
21 0.1437308868501529 0.4537572254335261 0.06116207951070336 0.4797687861271676
1 0.2614678899082569 0.45086705202312144 0.048929663608562685 0.5202312138728324
2 0.3241590214067279 0.4595375722543353 0.07645259938837919 0.5028901734104047
12 0.46865443425076464 0.47687861271676296 0.07492354740061162 0.5144508670520231
16 0.5458715596330275 0.47687861271676296 0.07339449541284404 0.5028901734104047
6 0.6781345565749235 0.5202312138728323 0.06880733944954129 0.49710982658959535
6 0.7469418960244647 0.523121387283237 0.06574923547400612 0.45664739884393063
4 0.8149847094801224 0.5317919075144508 0.06727828746177371 0.5086705202312137
8 0.8830275229357798 0.5375722543352601 0.07492354740061162 0.4739884393063584
