13 0.1253822629969419 0.5024875621890547 0.08256880733944955 0.3880597014925373
21 0.20718654434250766 0.509950248756219 0.06880733944954129 0.38308457711442784
3 0.3019877675840979 0.5099502487562187 0.07186544342507645 0.35323383084577115
12 0.40596330275229364 0.509950248756219 0.08409785932721713 0.36318407960199006
34 0.4938837920489298 0.5149253731343283 0.08562691131498465 0.35323383084577104
34 0.5825688073394497 0.5099502487562187 0.07951070336391437 0.40298507462686567
9 0.6857798165137615 0.517412935323383 0.06880733944954129 0.3681592039800995
3 0.7629969418960245 0.5199004975124378 0.06422018348623854 0.35323383084577115
2 0.8363914373088686 0.5099502487562187 0.07339449541284404 0.35323383084577115
4 0.9059633027522936 0.5074626865671641 0.06269113149847094 0.3781094527363183
