29 0.15978593272171251 0.45435684647302904 0.047400611620795105 0.21991701244813278
23 0.21330275229357798 0.47302904564315357 0.053516819571865444 0.23236514522821575
5 0.2691131498470948 0.483402489626556 0.045871559633027525 0.23651452282157673
9 0.3295107033639143 0.48755186721991706 0.047400611620795105 0.22821576763485477
10 0.39908256880733944 0.5020746887966806 0.06422018348623854 0.22406639004149378
26 0.4847094801223242 0.512448132780083 0.07339449541284404 0.25311203319502074
1 0.5558103975535168 0.46680497925311215 0.053516819571865444 0.34439834024896265
5 0.6269113149847096 0.47302904564315357 0.07339449541284404 0.3651452282157676
1 0.7018348623853212 0.5 0.045871559633027525 0.3775933609958506
5 0.7782874617737002 0.495850622406639 0.07645259938837919 0.36929460580912876
