22 0.17889908256880735 0.5580357142857143 0.08256880733944955 0.3392857142857143
17 0.26605504587155965 0.5625000000000001 0.07645259938837919 0.3214285714285715
2 0.36009174311926606 0.5736607142857143 0.05963302752293578 0.29910714285714285
24 0.4380733944954129 0.5625000000000001 0.08715596330275228 0.3214285714285715
11 0.5359327217125383 0.5714285714285715 0.07492354740061162 0.3214285714285715
23 0.6100917431192661 0.5736607142857143 0.07339449541284404 0.32589285714285715
3 0.6888379204892966 0.5736607142857143 0.05963302752293578 0.32589285714285715
5 0.7484709480122324 0.5825892857142857 0.053516819571865444 0.32589285714285715
2 0.8073394495412844 0.5714285714285714 0.05810397553516821 0.28571428571428575
5 0.8700305810397556 0.5624999999999999 0.051987767584097865 0.3035714285714285
