20 0.3279816513761468 0.27170418006430863 0.12691131498470948 0.3954983922829582
21 0.45795107033639143 0.27331189710610937 0.12079510703363913 0.39228295819935693
0 0.6712538226299694 0.2604501607717042 0.11620795107033642 0.3987138263665595
8 0.7996941896024465 0.2620578778135048 0.11009174311926609 0.38263665594855306
11 0.260703363914373 0.7443729903536979 0.0963302752293578 0.3183279742765273
17 0.3669724770642202 0.7491961414790995 0.08868501529051988 0.33440514469453375
6 0.4801223241590214 0.6848874598070739 0.10703363914373089 0.4115755627009646
2 0.6162079510703363 0.6816720257234726 0.11314984709480122 0.4180064308681672
6 0.7370030581039755 0.6768488745980707 0.10397553516819573 0.40836012861736337
5 0.863914373088685 0.6848874598070739 0.12844036697247707 0.42443729903536975
