22 0.2079510703363914 0.43793103448275866 0.07339449541284404 0.1379310344827586
17 0.2790519877675841 0.44310344827586207 0.05963302752293578 0.13448275862068962
0 0.3830275229357798 0.4448275862068966 0.05963302752293578 0.15172413793103448
1 0.42813455657492355 0.4327586206896552 0.021406727828746176 0.12068965517241378
10 0.5145259938837922 0.4344827586206897 0.05963302752293578 0.12413793103448276
27 0.573394495412844 0.4241379310344827 0.055045871559633044 0.1379310344827586
5 0.6750764525993885 0.42068965517241375 0.050458715596330285 0.14482758620689654
2 0.72782874617737 0.4258620689655172 0.051987767584097865 0.1482758620689655
7 0.7828746177370032 0.4275862068965516 0.04892966360856235 0.1448275862068966
4 0.8256880733944953 0.4258620689655172 0.048929663608562685 0.1413793103448276
