20 0.10932721712538226 0.7977099236641222 0.05657492354740061 0.40458015267175573
21 0.16513761467889904 0.7671755725190839 0.0519877675840979 0.4656488549618323
1 0.28211009174311924 0.6450381679389312 0.05657492354740061 0.45038167938931295
0 0.34174311926605505 0.5763358778625954 0.06269113149847094 0.48091603053435117
10 0.47171253822629966 0.4847328244274809 0.05963302752293578 0.48091603053435117
31 0.5267584097859327 0.4236641221374046 0.050458715596330285 0.5114503816793893
6 0.6766055045871561 0.2824427480916031 0.053516819571865444 0.4580152671755725
3 0.7362385321100916 0.24427480916030528 0.06574923547400591 0.4732824427480915
4 0.8058103975535169 0.1984732824427481 0.06116207951070336 0.3969465648854962
2 0.8723241590214067 0.18320610687022895 0.06880733944954126 0.3664122137404579
