20 0.08715596330275228 0.46442687747035577 0.06116207951070336 0.32015810276679846
10 0.14755351681957188 0.4584980237154151 0.050458715596330285 0.308300395256917
1 0.2056574923547401 0.4624505928853755 0.03822629969418959 0.3241106719367589
9 0.2522935779816514 0.4644268774703557 0.045871559633027525 0.3122529644268774
29 0.3180428134556575 0.4624505928853754 0.051987767584097865 0.300395256916996
27 0.3692660550458715 0.4664031620553359 0.053516819571865444 0.308300395256917
0 0.43883792048929676 0.4644268774703557 0.051987767584097865 0.3122529644268774
2 0.4870030581039756 0.46442687747035577 0.04128440366972477 0.32015810276679846
2 0.5496941896024465 0.4644268774703557 0.04434250764525994 0.3122529644268774
0 0.5948012232415902 0.4703557312252964 0.04281345565749235 0.316205533596838
1 0.6345565749235474 0.4703557312252964 0.033639143730886854 0.316205533596838
0 0.6865443425076453 0.4683794466403162 0.048929663608562685 0.32806324110671936
2 0.7714067278287462 0.4604743083003953 0.053516819571865444 0.32806324110671936
0 0.820336391437309 0.47628458498023707 0.04128440366972477 0.32806324110671936
1 0.8608562691131499 0.4683794466403162 0.03669724770642202 0.32806324110671936
1 0.8975535168195719 0.47035573122529656 0.039755351681957186 0.33201581027667987
