22 0.14755351681957188 0.4403846153846153 0.06269113149847094 0.3038461538461538
17 0.22782874617737003 0.45 0.06727828746177371 0.3384615384615385
1 0.3211009174311926 0.4403846153846155 0.045871559633027525 0.29615384615384616
4 0.38990825688073394 0.45 0.06727828746177371 0.3076923076923077
14 0.4801223241590214 0.4442307692307692 0.06727828746177371 0.3269230769230769
17 0.5565749235474006 0.4423076923076923 0.07033639143730887 0.3153846153846154
7 0.642966360856269 0.44423076923076926 0.06269113149847094 0.29615384615384616
9 0.7217125382262998 0.44807692307692315 0.06422018348623854 0.31153846153846154
5 0.7974006116207951 0.4442307692307692 0.06880733944954129 0.3269230769230769
8 0.8761467889908257 0.45769230769230773 0.07033639143730887 0.3153846153846154
