29 0.15981735159817348 0.6502590673575129 0.0821917808219178 0.45077720207253885
23 0.2442922374429223 0.6217616580310881 0.0837138508371385 0.4663212435233161
0 0.3538812785388128 0.538860103626943 0.0684931506849315 0.42487046632124353
2 0.4231354642313545 0.5103626943005182 0.060882800608828 0.4715025906735751
29 0.5121765601217656 0.46891191709844565 0.0684931506849315 0.43005181347150256
12 0.5829528158295282 0.43523316062176165 0.05783866057838659 0.41450777202072536
0 0.6712328767123288 0.37305699481865273 0.060882800608828 0.3937823834196891
1 0.7275494672754949 0.35751295336787564 0.05175038051750381 0.42487046632124353
4 0.7808219178082192 0.3290155440414507 0.0487062404870624 0.39896373056994816
3 0.8280060882800611 0.3134715025906736 0.04566210045662065 0.3989637305699481
