22 0.2010703363914373 0.515625 0.06880733944954129 0.34375
17 0.27675840978593275 0.5200892857142857 0.06727828746177371 0.34375
0 0.3448012232415902 0.5223214285714286 0.05657492354740061 0.3214285714285715
4 0.4113149847094801 0.5178571428571428 0.06727828746177371 0.3482142857142857
13 0.48547400611620795 0.5133928571428571 0.05963302752293578 0.33035714285714285
32 0.5512232415902141 0.5312500000000001 0.06574923547400612 0.35714285714285715
8 0.6246177370030581 0.5022321428571429 0.06269113149847094 0.32589285714285715
3 0.6964831804281346 0.5245535714285715 0.05657492354740061 0.3526785714285715
5 0.7645259938837922 0.5111607142857142 0.06727828746177371 0.3348214285714285
1 0.83868501529052 0.5156249999999999 0.050458715596330285 0.3348214285714285
