29 0.1376146788990826 0.5878661087866108 0.055045871559633044 0.27196652719665265
23 0.19801223241590216 0.600418410041841 0.06574923547400612 0.25523012552301255
5 0.25382262996941896 0.600418410041841 0.05810397553516821 0.26359832635983266
9 0.3287461773700306 0.6213389121338913 0.06422018348623854 0.25523012552301255
10 0.4036697247706422 0.6380753138075314 0.07645259938837919 0.24686192468619247
26 0.5030581039755352 0.6527196652719663 0.07339449541284404 0.2594142259414226
1 0.5840978593272171 0.5899581589958158 0.051987767584097865 0.4351464435146444
5 0.6636085626911316 0.596234309623431 0.0856269113149847 0.4142259414225941
1 0.7492354740061162 0.6192468619246863 0.06116207951070336 0.4351464435146444
5 0.8371559633027523 0.6338912133891214 0.0963302752293578 0.4393305439330544
