22 0.10168195718654434 0.5154867256637168 0.07492354740061162 0.3938053097345133
17 0.1834862385321101 0.5154867256637168 0.07339449541284404 0.3938053097345133
1 0.2798165137614679 0.5265486725663717 0.051987767584097865 0.3805309734513274
4 0.36162079510703365 0.5132743362831858 0.06880733944954129 0.40707964601769914
13 0.4510703363914373 0.5110619469026548 0.07033639143730887 0.3938053097345133
29 0.5382262996941897 0.5199115044247787 0.07645259938837919 0.4026548672566372
8 0.6314984709480123 0.5132743362831859 0.07645259938837919 0.36283185840707965
8 0.713302752293578 0.5176991150442478 0.07492354740061162 0.3805309734513274
3 0.7935779816513763 0.5022123893805309 0.06727828746177371 0.38495575221238937
1 0.8753822629969419 0.506637168141593 0.047400611620795105 0.41150442477876104
