22 0.16437308868501532 0.5043290043290043 0.08103975535168197 0.32467532467532456
17 0.24464831804281345 0.49134199134199136 0.06116207951070336 0.3160173160173161
2 0.3249235474006116 0.5021645021645021 0.06269113149847094 0.30303030303030304
0 0.3983180428134556 0.4956709956709957 0.05963302752293578 0.29004329004329005
12 0.47629969418960244 0.49783549783549785 0.05963302752293578 0.29437229437229445
28 0.5466360856269113 0.484848484848485 0.05963302752293578 0.3116883116883117
1 0.6223241590214067 0.4783549783549782 0.039755351681957186 0.3073593073593073
9 0.6957186544342506 0.4632034632034632 0.05810397553516821 0.3116883116883117
4 0.768348623853211 0.45454545454545453 0.05963302752293578 0.32034632034632027
1 0.8356269113149847 0.4437229437229437 0.04434250764525994 0.3160173160173161
