20 0.3371559633027523 0.3264840182648402 0.08715596330275228 0.2876712328767123
21 0.44113149847094796 0.33333333333333337 0.09938837920489296 0.2785388127853881
0 0.5986238532110092 0.3356164383561644 0.09021406727828746 0.26484018264840187
2 0.6995412844036697 0.341324200913242 0.08409785932721713 0.2534246575342466
10 0.27217125382262997 0.6655251141552512 0.08868501529051988 0.2671232876712329
15 0.38149847094801226 0.6700913242009132 0.10856269113149844 0.2671232876712329
6 0.4808868501529053 0.6666666666666667 0.08715596330275216 0.26484018264840187
3 0.5795107033639143 0.6689497716894977 0.08868501529051988 0.2602739726027397
6 0.6834862385321101 0.6746575342465754 0.08868501529051988 0.2579908675799087
3 0.7821100917431193 0.6723744292237442 0.08409785932721713 0.2671232876712329
