20 0.19189602446483178 0.7346938775510207 0.06574923547400612 0.29387755102040825
21 0.26452599388379205 0.7081632653061224 0.07033639143730887 0.24897959183673468
0 0.36697247706422026 0.6367346938775509 0.06422018348623854 0.28571428571428564
1 0.42966360856269115 0.6122448979591837 0.039755351681957186 0.23673469387755103
10 0.5175840978593272 0.5469387755102041 0.05657492354740061 0.24489795918367346
21 0.5825688073394495 0.5163265306122449 0.05810397553516821 0.2326530612244898
1 0.6674311926605506 0.46734693877551015 0.035168195718654434 0.24897959183673468
6 0.7194189602446482 0.4306122448979592 0.053516819571865444 0.2571428571428571
6 0.7729357798165138 0.3918367346938776 0.05657492354740061 0.2612244897959184
1 0.824159021406728 0.3653061224489796 0.033639143730886854 0.2326530612244898
