22 0.13073394495412846 0.42127659574468085 0.06880733944954129 0.3148936170212766
17 0.2025993883792049 0.4361702127659575 0.05963302752293578 0.3021276595744681
2 0.2996941896024465 0.4382978723404255 0.051987767584097865 0.2978723404255319
0 0.3547400611620795 0.4404255319148936 0.051987767584097865 0.2936170212765957
14 0.4847094801223242 0.451063829787234 0.055045871559633044 0.2978723404255319
14 0.5466360856269113 0.45744680851063835 0.06880733944954129 0.2765957446808511
0 0.6896024464831804 0.47234042553191474 0.045871559633027525 0.2893617021276595
9 0.7431192660550459 0.48085106382978715 0.048929663608562685 0.2978723404255319
4 0.7935779816513763 0.476595744680851 0.051987767584097865 0.2978723404255319
3 0.8509174311926606 0.4851063829787234 0.06269113149847094 0.2723404255319149
