22 0.113914373088685 0.48046875 0.08715596330275228 0.4453125
17 0.19648318042813456 0.50390625 0.07186544342507645 0.4765625
2 0.29128440366972475 0.50390625 0.06574923547400612 0.4765625
0 0.37232415902140675 0.5 0.07492354740061162 0.421875
14 0.46406727828746175 0.4921875 0.07492354740061162 0.453125
14 0.5451070336391437 0.48046875 0.06880733944954129 0.4296875
7 0.6429663608562691 0.453125 0.06880733944954129 0.4375
5 0.716360856269113 0.43359375 0.06880733944954129 0.4296875
9 0.7958715596330275 0.40234375 0.06880733944954129 0.4453125
8 0.8707951070336389 0.37890625 0.06269113149847094 0.4453125
