22 0.15825688073394495 0.5429292929292928 0.10244648318042814 0.3989898989898991
17 0.23929663608562696 0.5353535353535351 0.07798165137614674 0.414141414141414
2 0.32874617737003065 0.4797979797979799 0.06727828746177371 0.37373737373737387
0 0.38990825688073394 0.46717171717171724 0.055045871559633044 0.388888888888889
29 0.4655963302752295 0.4242424242424243 0.06880733944954129 0.37373737373737387
6 0.5344036697247707 0.41414141414141403 0.0565749235474007 0.38383838383838376
6 0.6154434250764529 0.3813131313131312 0.0504587155963302 0.36868686868686856
4 0.6704892966360858 0.3636363636363636 0.05657492354740061 0.41414141414141414
0 0.7232415902140672 0.34848484848484845 0.055045871559633044 0.3939393939393938
11 0.8035168195718656 0.3257575757575757 0.07186544342507645 0.38888888888888884
