22 0.10550458715596331 0.5168067226890756 0.07339449541284404 0.36974789915966383
17 0.19036697247706416 0.5147058823529411 0.07492354740061162 0.3739495798319328
2 0.2836391437308869 0.5231092436974789 0.06880733944954129 0.35714285714285715
0 0.3723241590214068 0.5189075630252101 0.06574923547400612 0.35714285714285715
12 0.4655963302752293 0.51890756302521 0.06574923547400612 0.3739495798319328
28 0.5443425076452598 0.5126050420168068 0.07033639143730887 0.37815126050420167
9 0.6422018348623852 0.5315126050420167 0.07033639143730887 0.36554621848739494
8 0.724770642201835 0.5189075630252101 0.06727828746177371 0.35714285714285715
1 0.8027522935779817 0.5294117647058824 0.06116207951070336 0.39495798319327735
7 0.8914373088685015 0.5231092436974789 0.07339449541284404 0.38235294117647056
