17 0.08103975535168197 0.4773662551440329 0.08868501529051988 0.4609053497942387
27 0.16896024464831805 0.4876543209876543 0.08103975535168197 0.448559670781893
2 0.2714067278287462 0.49588477366255146 0.07492354740061162 0.4238683127572017
13 0.341743119266055 0.4835390946502056 0.07492354740061166 0.448559670781893
13 0.44877675840978604 0.4876543209876543 0.09021406727828746 0.45679012345679015
10 0.5428134556574925 0.48559670781893005 0.09785932721712529 0.46090534979423853
2 0.6529051987767585 0.4753086419753086 0.08868501529051988 0.4732510288065843
3 0.7339449541284402 0.47736625514403286 0.07645259938837919 0.4691358024691358
3 0.8165137614678899 0.48353909465020595 0.08256880733944971 0.4650205761316874
0 0.8975535168195719 0.48971193415637854 0.07645259938837919 0.48559670781893005
