29 0.20871559633027523 0.4902912621359223 0.06880733944954129 0.3980582524271845
23 0.2767584097859328 0.516990291262136 0.0642201834862385 0.3737864077669903
0 0.3425076452599389 0.5266990291262136 0.06422018348623854 0.35436893203883485
7 0.404434250764526 0.5266990291262137 0.06269113149847094 0.36407766990291274
31 0.47400611620795097 0.54126213592233 0.0703363914373087 0.3737864077669903
31 0.5458715596330275 0.5461165048543688 0.06116207951070336 0.38349514563106796
5 0.6185015290519877 0.5461165048543688 0.06880733944954129 0.38349514563106796
2 0.6934250764525994 0.5582524271844659 0.06574923547400614 0.3883495145631067
0 0.7683486238532109 0.5485436893203884 0.07186544342507645 0.3786407766990291
0 0.8409785932721712 0.5558252427184466 0.06422018348623852 0.35436893203883485
