20 0.16131498470948016 0.38028169014084495 0.05657492354740061 0.5211267605633801
10 0.22171253822629972 0.4366197183098591 0.05810397553516816 0.5070422535211264
0 0.32415902140672787 0.49999999999999983 0.05810397553516821 0.47887323943661964
3 0.3830275229357798 0.5352112676056338 0.053516819571865444 0.47887323943661964
10 0.48700305810397554 0.5915492957746479 0.06880733944954129 0.5070422535211266
11 0.5435779816513763 0.6338028169014086 0.053516819571865465 0.5070422535211268
3 0.6926605504587157 0.6725352112676056 0.05810397553516821 0.4859154929577465
3 0.7607033639143731 0.7042253521126759 0.05657492354740061 0.47887323943661964
8 0.8218654434250765 0.7288732394366196 0.05657492354740061 0.4859154929577465
0 0.8868501529051988 0.7464788732394366 0.055045871559633044 0.49295774647887336
