22 0.26146788990825687 0.47511312217194573 0.04281345565749235 0.22624434389140272
17 0.3103975535168196 0.47511312217194573 0.04281345565749235 0.1990950226244344
1 0.396788990825688 0.47511312217194573 0.03211009174311927 0.19004524886877827
3 0.44571865443425074 0.47511312217194573 0.053516819571865444 0.19004524886877827
4 0.5489296636085627 0.5882352941176471 0.06422018348623854 0.38009049773755654
3 0.6192660550458715 0.5927601809954752 0.06727828746177371 0.28959276018099556
4 0.6911314984709479 0.5972850678733033 0.06422018348623836 0.32579185520362003
8 0.7614678899082569 0.5995475113122173 0.07339449541284404 0.3031674208144796
11 0.3295107033639143 0.7013574660633485 0.047400611620795105 0.18099547511312217
23 0.3845565749235474 0.7013574660633484 0.050458715596330285 0.19004524886877827
