17 0.13302752293577982 0.5314960629921259 0.07951070336391437 0.2913385826771653
27 0.21177370030581041 0.5295275590551181 0.06880733944954129 0.2795275590551181
2 0.31192660550458706 0.5255905511811023 0.06422018348623854 0.295275590551181
6 0.38379204892966357 0.5374015748031497 0.06422018348623854 0.2874015748031496
12 0.4824159021406728 0.5334645669291339 0.07186544342507645 0.30314960629921267
29 0.5527522935779815 0.5314960629921259 0.06574923547400612 0.28346456692913385
6 0.6529051987767585 0.5334645669291338 0.06422018348623854 0.295275590551181
7 0.7186544342507645 0.5393700787401575 0.06116207951070336 0.29921259842519693
0 0.7813455657492355 0.5413385826771654 0.06116207951070336 0.2874015748031496
2 0.8493883792048932 0.5354330708661417 0.0657492354740061 0.2913385826771653
