29 0.32645259938837917 0.2668621700879765 0.09021406727828746 0.2815249266862171
23 0.42813455657492355 0.25513196480938416 0.10091743119266057 0.2873900293255133
3 0.5603975535168195 0.2595307917888563 0.09327217125382264 0.26099706744868034
7 0.6590214067278288 0.25806451612903225 0.09174311926605505 0.26392961876832843
12 0.7859327217125383 0.2580645161290323 0.09480122324159021 0.2815249266862171
15 0.8822629969418962 0.2595307917888563 0.07645259938837919 0.27859237536656883
4 0.3249235474006116 0.7038123167155425 0.19113149847094804 0.44574780058651015
9 0.5122324159021407 0.7082111436950146 0.16207951070336393 0.41935483870967744
0 0.6957186544342506 0.7082111436950146 0.16819571865443425 0.4017595307917887
2 0.8753822629969419 0.7023460410557185 0.1636085626911315 0.4076246334310851
