22 0.16207951070336393 0.47540983606557374 0.0856269113149847 0.4371584699453552
17 0.25229357798165136 0.48087431693989074 0.0856269113149847 0.41530054644808745
2 0.34403669724770647 0.49180327868852464 0.05810397553516821 0.40437158469945367
24 0.422782874617737 0.4972677595628416 0.09327217125382264 0.37158469945355194
11 0.5152905198776759 0.48907103825136616 0.07951070336391437 0.453551912568306
23 0.5948012232415902 0.4863387978142076 0.07951070336391437 0.4262295081967212
3 0.6704892966360858 0.4863387978142076 0.05657492354740061 0.4262295081967212
5 0.7331804281345566 0.49180327868852464 0.053516819571865444 0.40437158469945367
2 0.7889908256880734 0.4863387978142077 0.05810397553516821 0.37158469945355194
5 0.8509174311926606 0.48087431693989074 0.06269113149847094 0.36065573770491804
