22 0.09893455098934549 0.4515306122448979 0.0821917808219178 0.44387755102040816
17 0.18493150684931506 0.451530612244898 0.0806697108066971 0.4642857142857143
2 0.2884322678843227 0.451530612244898 0.0654490106544901 0.43367346938775514
0 0.3736681887366818 0.46173469387755106 0.0806697108066971 0.43367346938775514
14 0.47716894977168933 0.4515306122448979 0.0715372907153729 0.44387755102040816
14 0.5631659056316591 0.46173469387755106 0.0791476407914764 0.45408163265306123
7 0.665144596651446 0.45663265306122447 0.0730593607305936 0.45408163265306123
5 0.7519025875190259 0.4668367346938775 0.0730593607305936 0.45408163265306123
9 0.8340943683409437 0.46683673469387754 0.076103500761035 0.43367346938775514
7 0.9170471841704719 0.4923469387755102 0.0745814307458143 0.44387755102040816
