29 0.08256880733944953 0.5695187165775402 0.06727828746177371 0.5294117647058824
23 0.1529051987767584 0.5855614973262032 0.06727828746177371 0.5614973262032087
0 0.25688073394495414 0.588235294117647 0.06727828746177371 0.5454545454545453
7 0.33103975535168195 0.5909090909090909 0.06880733944954129 0.5508021390374331
11 0.4220183486238532 0.5935828877005348 0.07033639143730887 0.5668449197860963
30 0.503822629969419 0.5882352941176471 0.07492354740061162 0.5561497326203209
5 0.5978593272171255 0.6042780748663101 0.07339449541284404 0.5668449197860963
4 0.6834862385321101 0.5962566844919786 0.07339449541284404 0.5508021390374331
2 0.786697247706422 0.5909090909090909 0.07798165137614681 0.5401069518716577
7 0.8799694189602447 0.5828877005347594 0.07492354740061162 0.5561497326203209
