10 0.113914373088685 0.5265700483091786 0.07492354740061162 0.2898550724637681
25 0.1865443425076453 0.5289855072463769 0.05810397553516821 0.30434782608695654
0 0.2798165137614679 0.5483091787439613 0.05810397553516821 0.2946859903381642
2 0.3417431192660551 0.5579710144927535 0.05963302752293578 0.32367149758454106
11 0.4334862385321101 0.5531400966183575 0.06574923547400612 0.32367149758454106
25 0.5091743119266056 0.5652173913043478 0.06116207951070336 0.3285024154589373
2 0.6009174311926606 0.5845410628019324 0.051987767584097865 0.3285024154589373
4 0.665902140672783 0.5966183574879227 0.053516819571865444 0.32367149758454106
5 0.7255351681957187 0.6111111111111112 0.050458715596330285 0.2946859903381642
4 0.786697247706422 0.6183574879227053 0.05963302752293578 0.30917874396135264
