20 0.0986238532110092 0.5644171779141104 0.08715596330275228 0.4539877300613497
21 0.18425076452599387 0.5368098159509203 0.08409785932721713 0.44785276073619634
1 0.26605504587155965 0.5460122699386503 0.055045871559633044 0.4539877300613497
0 0.33944954128440363 0.5061349693251533 0.07033639143730887 0.4233128834355828
10 0.4212538226299694 0.49999999999999994 0.08409785932721713 0.43558282208588955
31 0.5053516819571867 0.4815950920245399 0.08103975535168197 0.44785276073619634
6 0.591743119266055 0.44478527607361956 0.07645259938837919 0.4233128834355828
6 0.6720183486238531 0.4263803680981595 0.07186544342507645 0.4601226993865031
3 0.7477064220183486 0.3987730061349694 0.07033639143730887 0.4294478527607363
3 0.8233944954128443 0.38036809815950917 0.07492354740061162 0.4662576687116563
