29 0.08027522935779816 0.598326359832636 0.08409785932721713 0.5188284518828452
23 0.18425076452599387 0.5857740585774058 0.09327217125382264 0.5188284518828452
7 0.2996941896024465 0.5690376569037657 0.09174311926605505 0.5271966527196653
4 0.3922018348623853 0.5460251046025105 0.08715596330275228 0.48953974895397484
10 0.4938837920489297 0.5292887029288702 0.07645259938837919 0.4811715481171548
21 0.581039755351682 0.5251046025104603 0.07951070336391437 0.4644351464435147
5 0.6926605504587157 0.48326359832635984 0.07951070336391437 0.4644351464435147
0 0.7714067278287462 0.47489539748953974 0.06880733944954129 0.4309623430962343
7 0.8478593272171253 0.4686192468619247 0.07186544342507645 0.4602510460251046
4 0.9151376146788993 0.45188284518828453 0.06880733944954129 0.45188284518828453
