29 0.09709480122324159 0.6159420289855073 0.0963302752293578 0.6956521739130435
28 0.20718654434250766 0.5978260869565217 0.09938837920489296 0.6159420289855073
0 0.3058103975535168 0.5869565217391305 0.08868501529051988 0.6376811594202897
8 0.40596330275229353 0.5615942028985507 0.08715596330275227 0.6449275362318838
14 0.4984709480122323 0.5362318840579711 0.08868501529051988 0.6811594202898551
27 0.5902140672782874 0.532608695652174 0.08868501529051988 0.7028985507246377
1 0.6865443425076453 0.49275362318840576 0.06116207951070336 0.6521739130434783
6 0.768348623853211 0.48550724637681164 0.08409785932721713 0.6811594202898551
4 0.8516819571865446 0.45289855072463775 0.07339449541284404 0.6594202898550725
3 0.9365443425076453 0.46376811594202894 0.06880733944954129 0.5942028985507246
