20 0.14296636085626915 0.48554913294797686 0.07492354740061162 0.5317919075144508
21 0.22400611620795108 0.48554913294797686 0.07798165137614681 0.5202312138728324
0 0.3211009174311927 0.4913294797687861 0.07339449541284404 0.5202312138728324
1 0.39908256880733944 0.48554913294797686 0.055045871559633044 0.5086705202312137
11 0.48547400611620795 0.5028901734104047 0.07492354740061162 0.5433526011560693
27 0.5688073394495414 0.5028901734104047 0.07339449541284404 0.5317919075144508
8 0.66131498470948 0.5057803468208092 0.07186544342507645 0.5028901734104047
0 0.7446483180428135 0.5115606936416185 0.07645259938837919 0.5144508670520231
5 0.8279816513761469 0.5115606936416185 0.07798165137614681 0.5144508670520231
5 0.9136085626911314 0.5086705202312138 0.08103975535168197 0.49710982658959535
