13 0.1704892966360856 0.4771428571428571 0.06574923547400612 0.4057142857142857
21 0.24770642201834858 0.47142857142857136 0.07033639143730887 0.41714285714285715
6 0.3256880733944954 0.48 0.07033639143730887 0.4
12 0.404434250764526 0.48285714285714293 0.07798165137614681 0.4057142857142857
10 0.481651376146789 0.46857142857142864 0.06727828746177371 0.4
11 0.5565749235474007 0.48 0.07645259938837919 0.4228571428571428
1 0.6376146788990826 0.47142857142857136 0.055045871559633044 0.41714285714285715
2 0.7148318042813456 0.4742857142857143 0.06880733944954129 0.4
3 0.7912844036697249 0.48 0.07186544342507645 0.4228571428571428
33 0.870795107033639 0.48 0.06574923547400612 0.4
