20 0.18042813455657492 0.4025423728813559 0.07033639143730887 0.3813559322033898
10 0.2576452599388379 0.4067796610169492 0.05963302752293578 0.3559322033898305
5 0.33256880733944955 0.41313559322033894 0.07186544342507645 0.3601694915254237
1 0.41055045871559637 0.4279661016949153 0.050458715596330285 0.364406779661017
22 0.48776758409785936 0.42372881355932207 0.06727828746177371 0.3813559322033898
19 0.5733944954128442 0.4279661016949153 0.06116207951070336 0.364406779661017
8 0.6521406727828746 0.4470338983050847 0.07186544342507645 0.3516949152542373
1 0.7339449541284404 0.4533898305084746 0.048929663608562685 0.3728813559322034
5 0.8142201834862385 0.4576271186440678 0.07492354740061162 0.364406779661017
6 0.900611620795107 0.48093220338983045 0.07951070336391437 0.3686440677966102
