20 0.16972477064220182 0.4702194357366771 0.07033639143730887 0.2445141065830721
10 0.23929663608562698 0.46865203761755486 0.05657492354740061 0.24137931034482757
0 0.312691131498471 0.4764890282131662 0.06880733944954129 0.2445141065830721
3 0.38532110091743116 0.4749216300940439 0.07033639143730887 0.25391849529780564
23 0.46177370030581033 0.47178683385579945 0.07339449541284404 0.25391849529780564
10 0.5336391437308868 0.47178683385579945 0.06727828746177371 0.25391849529780564
8 0.6055045871559632 0.47648902821316613 0.07033639143730887 0.238244514106583
3 0.6788990825688075 0.4686520376175548 0.06116207951070336 0.25391849529780564
8 0.75 0.46865203761755486 0.07186544342507645 0.24137931034482757
5 0.8295107033639141 0.4717868338557994 0.07492354740061162 0.24764890282131657
