22 0.100326264274062 0.32766439909297046 0.07667210440456769 0.16553287981859405
25 0.1761827079934747 0.35941043083900226 0.07504078303425775 0.13378684807256236
0 0.25285481239804247 0.3968253968253967 0.07177814029363785 0.13151927437641722
9 0.31647634584013046 0.42063492063492064 0.07504078303425775 0.13378684807256236
12 0.4110929853181077 0.46485260770975045 0.07504078303425775 0.14058956916099774
25 0.4722675367047308 0.48412698412698413 0.0701468189233279 0.1383219954648526
9 0.5676998368678631 0.5294784580498867 0.07830342577487763 0.1292517006802721
0 0.6370309951060357 0.5634920634920633 0.07014681892332778 0.12925170068027206
5 0.7071778140293636 0.590702947845805 0.07667210440456769 0.14739229024943307
2 0.7781402936378466 0.6201814058956916 0.08156606851549755 0.15192743764172337
