13 0.07339449541284403 0.30324074074074076 0.07645259938837919 0.5787037037037037
21 0.1467889908256881 0.30092592592592593 0.06116207951070336 0.5740740740740741
1 0.2522935779816514 0.2962962962962963 0.06727828746177371 0.5925925925925926
23 0.3249235474006118 0.287037037037037 0.06574923547400577 0.574074074074074
23 0.42125382262996935 0.2824074074074074 0.08103975535168197 0.5648148148148148
29 0.49311926605504586 0.28935185185185186 0.050458715596330285 0.5694444444444444
12 0.5596330275229358 0.28935185185185186 0.07033639143730887 0.5509259259259259
0 0.6659021406727829 0.2824074074074074 0.06574923547400612 0.5648148148148148
1 0.7362385321100916 0.2939814814814815 0.06574923547400612 0.5694444444444444
6 0.805045871559633 0.28703703703703703 0.06880733944954129 0.5740740740740741
9 0.8730886850152905 0.2962962962962963 0.06422018348623854 0.5462962962962963
