17 0.14602446483180428 0.5357142857142858 0.047400611620795105 0.22857142857142856
27 0.1918960244648318 0.5446428571428571 0.03822629969418959 0.21785714285714286
9 0.2622324159021407 0.5375 0.03822629969418959 0.21071428571428574
9 0.3004587155963303 0.5410714285714285 0.03822629969418959 0.19642857142857142
17 0.36773700305810403 0.5410714285714285 0.04128440366972477 0.21071428571428574
10 0.4128440366972477 0.5553571428571429 0.048929663608562685 0.21071428571428574
29 0.4984709480122325 0.5267857142857143 0.027522935779816522 0.16071428571428573
14 0.5290519877675841 0.5267857142857143 0.024464831804281342 0.16785714285714284
22 0.5649847094801224 0.5321428571428571 0.04128440366972477 0.16428571428571426
25 0.6024464831804281 0.5285714285714286 0.033639143730886854 0.16428571428571426
4 0.7025993883792049 0.5660714285714286 0.03822629969418959 0.21071428571428574
5 0.7377675840978593 0.5642857142857143 0.029051987767584105 0.2
7 0.7729357798165138 0.5625 0.035168195718654434 0.20357142857142857
5 0.8119266055045871 0.5589285714285714 0.03669724770642202 0.20357142857142857
