22 0.1185015290519878 0.5632183908045977 0.08103975535168197 0.48275862068965514
17 0.20183486238532108 0.5373563218390804 0.07645259938837919 0.5
2 0.2996941896024465 0.5229885057471263 0.07645259938837919 0.4597701149425286
14 0.37767584097859336 0.5172413793103446 0.07339449541284405 0.43678160919540204
14 0.47782874617737003 0.47413793103448276 0.07186544342507645 0.5114942528735632
14 0.5527522935779817 0.45402298850574707 0.06880733944954129 0.47126436781609193
7 0.6506116207951069 0.4252873563218391 0.07186544342507645 0.48275862068965514
6 0.7209480122324158 0.3994252873563218 0.07186544342507645 0.4885057471264368
0 0.7966360856269113 0.37643678160919536 0.06727828746177371 0.454022988505747
1 0.8700305810397553 0.3563218390804597 0.055045871559633044 0.47126436781609193
