17 0.06345565749235474 0.48014440433212996 0.05657492354740061 0.23826714801444043
27 0.12461773700305809 0.4891696750902527 0.053516819571865444 0.22743682310469315
9 0.17431192660550457 0.48736462093862815 0.045871559633027525 0.22382671480144403
9 0.22400611620795108 0.48375451263537905 0.047400611620795105 0.23826714801444043
14 0.3012232415902141 0.48736462093862815 0.051987767584097865 0.22382671480144403
33 0.3593272171253823 0.48375451263537905 0.05810397553516821 0.23826714801444043
29 0.46406727828746175 0.4855595667870036 0.053516819571865444 0.25631768953068584
14 0.5237003058103976 0.4819494584837545 0.047400611620795105 0.25631768953068584
22 0.5818042813455658 0.49277978339350176 0.06880733944954129 0.22743682310469315
25 0.6437308868501528 0.48736462093862826 0.04281345565749226 0.23104693140794225
6 0.7431192660550459 0.4855595667870036 0.055045871559633044 0.2490974729241877
0 0.7943425076452598 0.48194945848375453 0.04434250764525994 0.22743682310469315
3 0.8448012232415902 0.4837545126353791 0.050458715596330285 0.23104693140794225
7 0.8937308868501528 0.48375451263537905 0.050458715596330285 0.23826714801444043
