22 0.150611620795107 0.467032967032967 0.08409785932721713 0.31135531135531136
17 0.23547400611620795 0.47985347985347987 0.07033639143730887 0.27106227106227104
1 0.327217125382263 0.4743589743589744 0.048929663608562685 0.28937728937728946
4 0.38149847094801226 0.46336996336996333 0.05657492354740061 0.31135531135531136
13 0.4778287461773701 0.467032967032967 0.06269113149847094 0.304029304029304
12 0.5428134556574924 0.47069597069597063 0.06116207951070336 0.2967032967032967
13 0.6055045871559632 0.47985347985347987 0.06116207951070336 0.2930402930402931
2 0.7087155963302751 0.4688644688644689 0.06574923547400612 0.2930402930402931
0 0.7782874617737003 0.47069597069597063 0.06727828746177371 0.2747252747252748
4 0.8448012232415905 0.47069597069597074 0.05963302752293578 0.28937728937728946
