22 0.13226299694189605 0.4757085020242915 0.07798165137614681 0.3117408906882591
17 0.22094801223241592 0.4777327935222672 0.06880733944954129 0.3319838056680162
2 0.3073394495412844 0.4676113360323887 0.06116207951070336 0.31983805668016196
0 0.3937308868501529 0.4696356275303644 0.06269113149847094 0.32388663967611336
12 0.4724770642201836 0.4817813765182186 0.06422018348623854 0.3076923076923077
28 0.5481651376146788 0.4736842105263158 0.05657492354740061 0.3076923076923077
4 0.639908256880734 0.46963562753036436 0.06269113149847094 0.3157894736842105
9 0.717125382262997 0.4716599190283401 0.06116207951070336 0.30364372469635625
4 0.8012232415902142 0.4817813765182186 0.06116207951070336 0.3076923076923077
6 0.8769113149847092 0.4838056680161944 0.053516819571865444 0.32793522267206476
