25 0.23623853211009177 0.5423728813559322 0.05657492354740061 0.2457627118644068
11 0.2966360856269113 0.5423728813559322 0.05810397553516821 0.2457627118644068
0 0.3570336391437309 0.5508474576271186 0.05657492354740061 0.2542372881355932
8 0.4181957186544342 0.5466101694915254 0.05657492354740061 0.2627118644067797
12 0.5168195718654435 0.5444915254237288 0.07951070336391437 0.2754237288135593
33 0.595565749235474 0.5296610169491526 0.07492354740061162 0.2627118644067797
2 0.6834862385321101 0.5169491525423728 0.05810397553516821 0.2627118644067797
9 0.7431192660550459 0.5084745762711864 0.055045871559633044 0.2627118644067797
5 0.8019877675840977 0.5042372881355932 0.053516819571865444 0.2627118644067797
9 0.8593272171253825 0.4936440677966101 0.051987767584097865 0.2584745762711864
