22 0.10779816513761467 0.4123505976095618 0.06880733944954129 0.3545816733067729
17 0.18501529051987767 0.41832669322709165 0.06727828746177371 0.350597609561753
0 0.27522935779816515 0.4123505976095618 0.06116207951070336 0.3545816733067729
2 0.36009174311926606 0.4203187250996015 0.06574923547400612 0.33864541832669315
12 0.4495412844036697 0.41832669322709165 0.06422018348623854 0.3346613545816733
29 0.5305810397553515 0.41633466135458164 0.06727828746177371 0.3306772908366533
2 0.617737003058104 0.4143426294820717 0.06422018348623854 0.32669322709163345
7 0.6949541284403671 0.41633466135458164 0.06269113149847094 0.3306772908366533
2 0.7767584097859327 0.42828685258964133 0.06727828746177371 0.3227091633466135
7 0.8532110091743121 0.4203187250996016 0.07033639143730887 0.3545816733067729
