22 0.2805810397553517 0.3212025316455696 0.13302752293577985 0.4778481012658228
17 0.43042813455657497 0.30696202531645567 0.12385321100917433 0.4746835443037975
0 0.6070336391437309 0.31012658227848094 0.13149847094801223 0.44303797468354417
4 0.7553516819571865 0.3022151898734177 0.13761467889908258 0.4272151898734177
14 0.23853211009174313 0.833860759493671 0.10397553516819573 0.3322784810126582
14 0.34403669724770647 0.8322784810126582 0.10091743119266057 0.3354430379746836
2 0.4762996941896024 0.7721518987341773 0.12385321100917433 0.43037974683544306
2 0.6192660550458716 0.7642405063291139 0.13761467889908258 0.41455696202531633
9 0.7637614678899083 0.7563291139240507 0.1299694189602446 0.43670886075949367
9 0.9059633027522935 0.740506329113924 0.1299694189602446 0.44936708860759494
