13 0.1651376146788991 0.5364238410596026 0.08256880733944955 0.6357615894039735
21 0.2492354740061162 0.533112582781457 0.07951070336391437 0.6688741721854305
3 0.3386850152905199 0.5430463576158941 0.07798165137614681 0.609271523178808
12 0.4220183486238532 0.5430463576158939 0.08256880733944955 0.6225165562913906
11 0.5160550458715598 0.5496688741721855 0.08103975535168197 0.6490066225165563
15 0.6039755351681957 0.5496688741721854 0.08256880733944955 0.6357615894039735
3 0.684250764525994 0.5662251655629139 0.07798165137614681 0.6026490066225165
9 0.7622324159021406 0.5662251655629139 0.07186544342507645 0.6158940397350993
0 0.8417431192660553 0.5629139072847682 0.07492354740061162 0.6225165562913906
7 0.9220183486238527 0.5562913907284769 0.08562691131498472 0.6490066225165565
