20 0.18807339449541285 0.5129533678756476 0.08256880733944955 0.5181347150259067
21 0.27522935779816515 0.5077720207253885 0.07645259938837919 0.5181347150259067
0 0.3631498470948012 0.4922279792746114 0.07798165137614681 0.48704663212435234
1 0.4418960244648318 0.4715025906735751 0.07033639143730887 0.48704663212435234
10 0.5191131498470949 0.46891191709844565 0.06880733944954126 0.5025906735751297
10 0.5948012232415903 0.4430051813471502 0.06727828746177371 0.4715025906735751
2 0.6743119266055047 0.4274611398963731 0.06727828746177371 0.45077720207253885
5 0.7492354740061162 0.4041450777202072 0.06422018348623854 0.45595854922279794
5 0.8188073394495413 0.39896373056994816 0.06880733944954129 0.45595854922279794
5 0.8922018348623851 0.39119170984455953 0.06880733944954129 0.4715025906735751
