17 0.13608562691131498 0.4785932721712538 0.07951070336391437 0.33333333333333326
27 0.21788990825688073 0.4663608562691131 0.07798165137614681 0.33333333333333326
2 0.2989296636085627 0.48012232415902145 0.06880733944954129 0.31192660550458723
6 0.37920489296636084 0.46788990825688076 0.07033639143730887 0.3180428134556575
13 0.45565749235473996 0.4602446483180427 0.07033639143730887 0.32110091743119257
20 0.5313455657492355 0.45565749235474007 0.07492354740061162 0.32415902140672787
0 0.613914373088685 0.45565749235474007 0.06880733944954129 0.31192660550458723
8 0.6911314984709479 0.4495412844036697 0.07033639143730887 0.30581039755351674
3 0.7652905198776758 0.43730886850152906 0.06880733944954129 0.2996941896024465
0 0.8425076452599388 0.43425076452599387 0.07033639143730887 0.30581039755351674
