29 0.10703363914373089 0.46478873239436624 0.06727828746177371 0.4225352112676056
23 0.17507645259938837 0.47183098591549294 0.053516819571865444 0.4460093896713615
0 0.26299694189602446 0.48826291079812206 0.06727828746177371 0.431924882629108
30 0.3295107033639144 0.4788732394366197 0.05963302752293575 0.44131455399061026
11 0.4113149847094801 0.48122065727699537 0.07033639143730887 0.43661971830985913
30 0.4785932721712538 0.48122065727699526 0.06116207951070336 0.4178403755868544
5 0.5619266055045872 0.48122065727699537 0.06880733944954129 0.4460093896713615
4 0.6391437308868501 0.49061032863849763 0.07033639143730887 0.4647887323943662
2 0.7308868501529051 0.49295774647887325 0.07033639143730887 0.45070422535211263
7 0.8103975535168196 0.4835680751173709 0.07339449541284404 0.431924882629108
