22 0.10397553516819573 0.4433198380566802 0.06116207951070336 0.3765182186234818
17 0.17966360856269112 0.4676113360323886 0.06574923547400612 0.3684210526315789
2 0.2660550458715597 0.4777327935222672 0.06727828746177371 0.3481781376518219
0 0.3409785932721712 0.4777327935222672 0.06727828746177371 0.3562753036437247
13 0.42660550458715596 0.4919028340080972 0.06422018348623854 0.3522267206477733
19 0.5091743119266056 0.5101214574898786 0.07033639143730887 0.3562753036437247
0 0.5963302752293578 0.5060728744939271 0.06727828746177371 0.3562753036437247
4 0.6781345565749235 0.5182186234817814 0.06269113149847094 0.3805668016194332
1 0.7584097859327217 0.52834008097166 0.05810397553516821 0.3927125506072873
9 0.8478593272171253 0.5303643724696356 0.07186544342507645 0.3724696356275304
