30 0.10866261398176291 0.5851063829787235 0.09878419452887538 0.6028368794326241
25 0.20288753799392098 0.5886524822695036 0.09574468085106384 0.6099290780141844
1 0.310790273556231 0.574468085106383 0.05623100303951368 0.5815602836879432
4 0.37993920972644374 0.5709219858156029 0.07598784194528875 0.5744680851063831
12 0.47948328267477214 0.574468085106383 0.08662613981762918 0.5957446808510638
25 0.5752279635258357 0.5673758865248231 0.08966565349544077 0.5673758865248231
6 0.682370820668693 0.5815602836879433 0.06382978723404255 0.5957446808510638
7 0.7515197568389058 0.5815602836879432 0.06534954407294832 0.5531914893617021
4 0.8153495440729484 0.5815602836879432 0.06534954407294832 0.5815602836879432
8 0.8822188449848024 0.574468085106383 0.06231003039513678 0.5531914893617021
