22 0.17201834862385326 0.49704142011834324 0.07798165137614681 0.5443786982248521
17 0.25688073394495414 0.47041420118343197 0.07645259938837919 0.5502958579881657
0 0.34480122324159024 0.4497041420118343 0.06574923547400612 0.5207100591715976
3 0.41972477064220187 0.44082840236686394 0.06880733944954129 0.5502958579881657
11 0.5045871559633028 0.4230769230769231 0.07645259938837919 0.5739644970414202
28 0.5940366972477062 0.4171597633136095 0.06880733944954129 0.5384615384615384
7 0.6773700305810398 0.3964497041420118 0.07033639143730887 0.5325443786982248
7 0.7538226299694188 0.40828402366863903 0.06422018348623854 0.5680473372781065
7 0.8241590214067278 0.37573964497041423 0.06116207951070336 0.5384615384615384
8 0.8891437308868501 0.3698224852071006 0.06574923547400612 0.5266272189349113
