17 0.16437308868501532 0.5833333333333333 0.08103975535168197 0.44666666666666666
27 0.24541284403669725 0.56 0.07492354740061162 0.46
2 0.3386850152905198 0.5216666666666666 0.06269113149847094 0.43666666666666665
6 0.4051987767584098 0.5033333333333333 0.07339449541284404 0.4666666666666666
13 0.4885321100917432 0.46333333333333343 0.06574923547400612 0.42
10 0.5649847094801222 0.4483333333333333 0.08103975535168197 0.43666666666666665
5 0.6467889908256881 0.4133333333333333 0.06727828746177371 0.42
4 0.6995412844036697 0.395 0.050458715596330285 0.43666666666666665
4 0.7492354740061162 0.38333333333333336 0.05810397553516821 0.42
3 0.8065749235474007 0.355 0.06269113149847094 0.43666666666666665
