22 0.19877675840978593 0.49261992619926204 0.06116207951070336 0.2693726937269373
17 0.2729357798165138 0.488929889298893 0.05963302752293578 0.26199261992619927
2 0.3646788990825688 0.48708487084870844 0.053516819571865444 0.2804428044280442
0 0.4319571865443425 0.4889298892988931 0.050458715596330285 0.27675276752767536
11 0.5038226299694191 0.488929889298893 0.05963302752293578 0.2693726937269373
34 0.5779816513761468 0.48708487084870855 0.051987767584097865 0.25830258302583026
3 0.6521406727828747 0.488929889298893 0.05657492354740061 0.25461254612546125
6 0.7270642201834862 0.48708487084870855 0.05963302752293578 0.2730627306273063
6 0.8126911314984712 0.492619926199262 0.053516819571865444 0.25461254612546125
5 0.8845565749235473 0.4889298892988931 0.05963302752293578 0.27675276752767536
