22 0.14067278287461774 0.512448132780083 0.09785932721712537 0.26141078838174275
17 0.22935779816513763 0.5 0.07645259938837919 0.27800829875518673
1 0.3318042813455658 0.4709543568464731 0.055045871559633044 0.2697095435684647
4 0.40366972477064217 0.466804979253112 0.07033639143730887 0.2697095435684647
29 0.4984709480122324 0.45643153526970953 0.07339449541284404 0.2904564315352698
12 0.5726299694189603 0.446058091286307 0.06880733944954129 0.28630705394190864
15 0.6376146788990825 0.4356846473029046 0.06422018348623854 0.2821576763485477
4 0.7301223241590213 0.4232365145228216 0.06574923547400612 0.2904564315352698
6 0.7920489296636086 0.4107883817427386 0.05810397553516821 0.2821576763485477
0 0.8516819571865443 0.39211618257261405 0.055045871559633044 0.24481327800829875
