17 0.1605504587155963 0.6171171171171171 0.09480122324159021 0.4144144144144144
27 0.2507645259938837 0.6171171171171171 0.07645259938837919 0.3963963963963964
2 0.3448012232415901 0.6171171171171171 0.06880733944954129 0.40540540540540543
6 0.4120795107033639 0.6081081081081081 0.06269113149847094 0.40540540540540543
29 0.4977064220183486 0.6013513513513513 0.07798165137614681 0.3918918918918919
12 0.5726299694189602 0.6013513513513514 0.07186544342507654 0.4009009009009009
5 0.6643730886850153 0.5900900900900902 0.06880733944954129 0.3783783783783784
6 0.7324159021406725 0.5923423423423424 0.05810397553516821 0.38288288288288286
5 0.7951070336391439 0.5878378378378376 0.06727828746177422 0.3918918918918918
6 0.8593272171253823 0.5855855855855856 0.06422018348623854 0.3963963963963964
