30 0.15902140672782872 0.5426540284360187 0.07645259938837917 0.34597156398104256
25 0.2301223241590214 0.5497630331753556 0.06269113149847094 0.3696682464454975
1 0.30963302752293564 0.5521327014218009 0.056574923547400596 0.35545023696682476
6 0.3746177370030581 0.5450236966824644 0.07339449541284404 0.3696682464454975
29 0.46253822629969404 0.5545023696682463 0.07798165137614681 0.33175355450236954
12 0.5504587155963303 0.5497630331753555 0.06727828746177371 0.3412322274881517
1 0.613914373088685 0.5592417061611374 0.050458715596330285 0.3412322274881517
3 0.6827217125382263 0.566350710900474 0.06880733944954129 0.3744075829383886
6 0.7568807339449541 0.566350710900474 0.07339449541284404 0.34597156398104273
6 0.8371559633027523 0.5710900473933649 0.07492354740061162 0.35545023696682465
