17 0.09709480122324159 0.6603773584905661 0.09021406727828746 0.5157232704402516
27 0.1857798165137615 0.628930817610063 0.08103975535168197 0.5031446540880504
2 0.2759938837920489 0.60062893081761 0.09021406727828746 0.48427672955974843
6 0.36850152905198785 0.5786163522012578 0.09174311926605505 0.5157232704402516
11 0.45871559633027525 0.5377358490566038 0.08256880733944955 0.4968553459119496
30 0.5496941896024464 0.5125786163522013 0.09021406727828746 0.48427672955974843
24 0.6467889908256881 0.4685534591194969 0.08256880733944955 0.48427672955974843
3 0.7339449541284404 0.45283018867924535 0.0856269113149847 0.49056603773584906
7 0.8180428134556575 0.4276729559748428 0.08256880733944955 0.5408805031446541
5 0.9051987767584098 0.3962264150943396 0.07645259938837919 0.5157232704402516
