22 0.3351226993865031 0.35374149659863946 0.15184049079754605 0.42630385487528344
17 0.47239263803680986 0.28571428571428564 0.14110429447852763 0.439909297052154
0 0.665644171779141 0.21541950113378686 0.1349693251533741 0.3356009070294785
2 0.8059815950920246 0.17346938775510207 0.1549079754601227 0.33333333333333337
11 0.27530674846625774 0.8458049886621316 0.11809815950920248 0.30839002267573684
32 0.3826687116564417 0.8027210884353744 0.11196319018404909 0.326530612244898
2 0.50920245398773 0.7312925170068028 0.13496932515337423 0.41496598639455784
5 0.630368098159509 0.6507936507936506 0.13190184049079742 0.4399092970521539
8 0.7645705521472391 0.6077097505668934 0.1211656441717792 0.403628117913832
6 0.89340490797546 0.5430839002267573 0.1303680981595092 0.39229024943310653
