20 0.24006116207951078 0.6199095022624435 0.05810397553516821 0.32579185520361986
10 0.2981651376146789 0.6085972850678734 0.051987767584097865 0.3212669683257918
5 0.3761467889908257 0.5972850678733032 0.05810397553516821 0.32579185520361986
1 0.43042813455657497 0.5950226244343891 0.04434250764525994 0.33031674208144784
10 0.49617737003058104 0.581447963800905 0.05657492354740061 0.33031674208144784
10 0.5504587155963303 0.5746606334841627 0.051987767584097865 0.32579185520361986
3 0.6246177370030581 0.5588235294117647 0.053516819571865444 0.3212669683257918
4 0.6750764525993885 0.5407239819004525 0.050458715596330285 0.3212669683257918
6 0.7285932721712538 0.5452488687782805 0.053516819571865444 0.31221719457013575
9 0.7790519877675841 0.5361990950226244 0.050458715596330285 0.3031674208144796
