17 0.04281345565749235 0.551219512195122 0.0856269113149847 0.4878048780487805
27 0.13914373088685014 0.5536585365853658 0.09785932721712537 0.48292682926829267
2 0.2553516819571865 0.5536585365853658 0.06727828746177371 0.5024390243902439
6 0.3348623853211009 0.5560975609756097 0.07951070336391437 0.526829268292683
13 0.45718654434250766 0.5682926829268294 0.08256880733944955 0.48292682926829267
10 0.5504587155963303 0.5634146341463415 0.10397553516819573 0.5121951219512195
0 0.6788990825688073 0.5804878048780487 0.07951070336391437 0.5170731707317073
4 0.7637614678899083 0.5951219512195123 0.08715596330275228 0.526829268292683
7 0.8509174311926606 0.5951219512195123 0.07798165137614681 0.5073170731707317
1 0.9266055045871562 0.6000000000000001 0.07339449541284404 0.5365853658536587
