17 0.05733944954128441 0.5324909747292419 0.08715596330275228 0.3935018050541516
27 0.14296636085626913 0.5379061371841155 0.07798165137614681 0.3971119133574007
9 0.23394495412844038 0.5595667870036101 0.07951070336391437 0.41155234657039713
9 0.30810397553516816 0.5469314079422383 0.07492354740061162 0.3862815884476534
19 0.45871559633027525 0.5433212996389892 0.06116207951070336 0.3862815884476534
11 0.3891437308868502 0.5559566787003609 0.0688073394495413 0.3971119133574007
6 0.6896024464831805 0.5541516245487366 0.07339449541284404 0.40794223826714804
6 0.7637614678899083 0.5740072202166066 0.07798165137614681 0.368231046931408
6 0.8371559633027522 0.5776173285198556 0.07186544342507645 0.36101083032490977
2 0.9136085626911314 0.5703971119133574 0.08103975535168197 0.3898916967509025
