29 0.28975535168195715 0.24692874692874692 0.1299694189602446 0.23832923832923833
23 0.422782874617737 0.24815724815724813 0.13608562691131498 0.23587223587223588
3 0.6039755351681957 0.25184275184275184 0.10703363914373089 0.23832923832923833
8 0.7209480122324158 0.2628992628992629 0.10856269113149844 0.22113022113022113
22 0.09938837920489296 0.6744471744471744 0.19877675840978593 0.32186732186732187
16 0.2813455657492354 0.6855036855036856 0.1712538226299694 0.3194103194103193
6 0.5061162079510704 0.6904176904176904 0.13761467889908258 0.3095823095823096
1 0.6353211009174312 0.6855036855036856 0.10856269113149844 0.3194103194103193
6 0.7813455657492355 0.6891891891891891 0.13149847094801223 0.32186732186732187
2 0.9120795107033642 0.6965601965601965 0.13608562691131498 0.31203931203931207
