20 0.14678899082568808 0.51010101010101 0.07033639143730887 0.4242424242424242
21 0.22935779816513763 0.49494949494949486 0.08256880733944955 0.4242424242424242
0 0.308868501529052 0.4873737373737373 0.06727828746177371 0.36868686868686856
1 0.37996941896024466 0.4747474747474746 0.050458715596330285 0.38383838383838376
10 0.4571865443425075 0.46464646464646464 0.06727828746177371 0.41414141414141414
33 0.5282874617737005 0.44696969696969696 0.06880733944954129 0.4292929292929293
8 0.6001529051987767 0.4520202020202021 0.06880733944954129 0.3989898989898991
0 0.6735474006116208 0.441919191919192 0.05963302752293578 0.388888888888889
0 0.7423547400611623 0.4343434343434343 0.0688073394495413 0.3939393939393939
0 0.8165137614678899 0.42171717171717177 0.07033639143730887 0.3989898989898991
