13 0.11314984709480122 0.5116822429906541 0.08256880733944955 0.4719626168224299
21 0.19877675840978593 0.5046728971962616 0.07645259938837919 0.4485981308411215
3 0.28287461773700306 0.49299065420560745 0.08256880733944955 0.4439252336448598
12 0.36926605504587157 0.4976635514018691 0.07798165137614681 0.4719626168224299
10 0.45489296636085624 0.49532710280373826 0.07186544342507645 0.4766355140186916
34 0.5428134556574923 0.5023364485981309 0.08256880733944955 0.48130841121495327
2 0.624617737003058 0.5046728971962616 0.07798165137614681 0.4485981308411215
2 0.7110091743119267 0.4883177570093457 0.07951070336391437 0.43457943925233644
3 0.8027522935779817 0.5023364485981309 0.08256880733944955 0.43457943925233644
1 0.8891437308868501 0.49532710280373826 0.06574923547400612 0.4672897196261683
