17 0.03975535168195718 0.5051813471502588 0.07951070336391436 0.5440414507772016
17 0.13837920489296635 0.5 0.08715596330275228 0.533678756476684
1 0.2408256880733944 0.49222797927461137 0.05657492354740061 0.5803108808290155
2 0.33944954128440363 0.5051813471502591 0.0856269113149847 0.5544041450777202
13 0.452599388379205 0.4948186528497409 0.07951070336391437 0.5544041450777202
14 0.5657492354740061 0.5025906735751295 0.09480122324159021 0.5492227979274612
1 0.6643730886850153 0.48186528497409326 0.06269113149847094 0.5699481865284974
4 0.7652905198776757 0.4818652849740932 0.08103975535168197 0.5803108808290155
3 0.8707951070336393 0.4715025906735751 0.07798165137614681 0.5284974093264249
3 0.9671253822629968 0.47668393782383417 0.06574923547400599 0.5492227979274612
