17 0.15672782874617738 0.7320143884892087 0.09021406727828746 0.2553956834532375
27 0.24159021406727835 0.6780575539568345 0.07951070336391437 0.24820143884892087
2 0.3218654434250765 0.6348920863309353 0.07186544342507645 0.2553956834532375
6 0.3960244648318042 0.5719424460431655 0.07033639143730887 0.2517985611510791
10 0.5711009174311926 0.45503597122302153 0.07186544342507645 0.21223021582733814
11 0.5 0.4982014388489209 0.07645259938837919 0.23381294964028776
8 0.6529051987767585 0.4028776978417266 0.06116207951070336 0.2517985611510791
0 0.7140672782874615 0.3453237410071942 0.05810397553516828 0.21582733812949642
0 0.7729357798165138 0.30755395683453235 0.053516819571865444 0.21223021582733814
8 0.8287461773700306 0.26978417266187044 0.051987767584097865 0.19424460431654678
