20 0.06651376146788991 0.5945945945945946 0.08103975535168197 0.3675675675675676
21 0.1490825688073395 0.5945945945945946 0.07798165137614681 0.3567567567567568
1 0.2561162079510704 0.591891891891892 0.047400611620795105 0.34054054054054056
0 0.3363914373088685 0.6 0.07033639143730887 0.34594594594594597
10 0.43577981651376146 0.6081081081081081 0.07339449541284404 0.35135135135135137
32 0.5175840978593272 0.5972972972972973 0.08103975535168197 0.34054054054054056
2 0.6192660550458716 0.6 0.07951070336391437 0.33513513513513515
8 0.7025993883792049 0.5972972972972973 0.08103975535168197 0.35135135135135137
1 0.786697247706422 0.6027027027027028 0.03822629969418959 0.3621621621621622
4 0.8685015290519875 0.6081081081081081 0.07951070336391437 0.35135135135135137
