17 0.14525993883792046 0.4337606837606838 0.07645259938837919 0.31196581196581197
27 0.21559633027522934 0.4358974358974359 0.07033639143730887 0.3076923076923077
2 0.31804281345565755 0.43376068376068366 0.06422018348623854 0.2948717948717949
6 0.3853211009174312 0.44017094017094016 0.06422018348623854 0.2905982905982907
12 0.48776758409785925 0.4337606837606838 0.07033639143730887 0.3034188034188034
22 0.5672782874617738 0.44658119658119666 0.08256880733944955 0.31196581196581197
6 0.6666666666666665 0.4423076923076923 0.06116207951070336 0.3205128205128205
0 0.7385321100917431 0.4465811965811966 0.06727828746177371 0.2948717948717949
0 0.8088685015290521 0.43803418803418803 0.06727828746177371 0.31196581196581197
5 0.8799694189602444 0.4252136752136753 0.06574923547400612 0.3034188034188034
