20 0.43042813455657497 0.3257839721254356 0.06574923547400612 0.26132404181184676
10 0.4992354740061162 0.33623693379790937 0.053516819571865444 0.24738675958188153
0 0.6368501529051988 0.33972125435540074 0.05963302752293578 0.24738675958188153
4 0.7003058103975536 0.33972125435540074 0.06116207951070336 0.2543554006968642
22 0.3478593272171254 0.6202090592334495 0.07186544342507645 0.2508710801393728
14 0.422782874617737 0.6097560975609756 0.06574923547400612 0.2578397212543554
9 0.5581039755351681 0.627177700348432 0.06727828746177371 0.2578397212543554
8 0.628440366972477 0.6149825783972124 0.0581039755351682 0.25435540069686413
6 0.6987767584097858 0.6149825783972124 0.06422018348623854 0.2613240418118466
9 0.7714067278287462 0.6306620209059234 0.06880733944954129 0.27177700348432055
