20 0.12844036697247707 0.5337837837837838 0.07033639143730887 0.20945945945945948
21 0.2010703363914373 0.527027027027027 0.07186544342507645 0.2162162162162162
0 0.28746177370030584 0.527027027027027 0.05810397553516821 0.1891891891891892
5 0.3623853211009175 0.5185810810810811 0.07339449541284404 0.19932432432432431
10 0.441131498470948 0.518581081081081 0.06880733944954129 0.1858108108108108
20 0.5084097859327217 0.5202702702702703 0.06269113149847094 0.19594594594594594
3 0.5840978593272171 0.5084459459459459 0.06422018348623854 0.19256756756756757
3 0.6544342507645261 0.5084459459459459 0.055045871559633044 0.19932432432432431
0 0.7155963302752294 0.5101351351351352 0.05810397553516821 0.20270270270270271
0 0.7798165137614679 0.5050675675675675 0.058103975535168544 0.19256756756756752
