13 0.16207951070336393 0.4673539518900344 0.07645259938837919 0.3161512027491409
21 0.24311926605504589 0.46391752577319595 0.07951070336391437 0.29553264604810997
1 0.33103975535168195 0.4742268041237114 0.053516819571865444 0.3024054982817869
0 0.40825688073394495 0.47422680412371127 0.07645259938837919 0.288659793814433
12 0.4847094801223241 0.4570446735395189 0.07033639143730887 0.29553264604810997
16 0.5649847094801224 0.4570446735395189 0.07798165137614681 0.29553264604810997
4 0.6513761467889908 0.46391752577319595 0.06727828746177371 0.29553264604810997
6 0.7331804281345566 0.4570446735395189 0.07186544342507645 0.30927835051546393
9 0.8103975535168196 0.44501718213058417 0.06727828746177371 0.2920962199312715
3 0.892966360856269 0.4467353951890034 0.07645259938837919 0.3024054982817869
